28889642
[(55.5652795, 37.5695507), (55.5651145, 37.5702288), (55.5648475, 37.5700314), (55.5650147, 37.5693509), (55.5652795, 37.5695507)]
28911067
[(55.5683532, 37.5644676), (55.5682987, 37.5644271), (55.5679549, 37.5641683), (55.5679974, 37.5639919), (55.5683976, 37.5642929), (55.5686577, 37.5632112), (55.5687302, 37.5632692), (55.5687094, 37.5633574), (55.5687319, 37.5633741), (55.5686567, 37.5636906), (55.5686342, 37.5636738), (55.5685984, 37.5638247), (55.5686198, 37.5638406), (55.5684996, 37.5643462), (55.5684605, 37.5643171), (55.5684327, 37.5644347), (55.5683718, 37.5643896), (55.5683532, 37.5644676)]
29150394
[(55.5691797, 37.5750391), (55.5687021, 37.5746853), (55.5686789, 37.5746682), (55.5687068, 37.5745496), (55.5686143, 37.5744817), (55.5687585, 37.5738677), (55.5688701, 37.5739497), (55.5687445, 37.5744843), (55.5692268, 37.5748385), (55.5691797, 37.5750391)]
37740646
[(55.5696144, 37.5674664), (55.5695666, 37.5676613), (55.5694779, 37.5675933), (55.5694666, 37.5676393), (55.56931, 37.5675192), (55.5693223, 37.567469), (55.5692157, 37.5673872), (55.569263, 37.5671941), (55.5693645, 37.5672719), (55.5693763, 37.5672238), (55.5695299, 37.5673416), (55.5695175, 37.5673921), (55.5696144, 37.5674664)]
37740647
[(55.5689709, 37.5701765), (55.5689231, 37.5703714), (55.5688343, 37.5703034), (55.5688231, 37.5703493), (55.5686664, 37.5702292), (55.5686787, 37.570179), (55.5685722, 37.5700973), (55.5686195, 37.5699041), (55.568721, 37.5699819), (55.5687328, 37.5699339), (55.5688863, 37.5700516), (55.5688739, 37.5701022), (55.5689709, 37.5701765)]
37740649
[(55.5683, 37.5713375), (55.5681551, 37.5712279), (55.5682042, 37.5710246), (55.5683491, 37.5711342), (55.5683, 37.5713375)]
37740650
[(55.5677799, 37.5733319), (55.567635, 37.5732223), (55.5676841, 37.573019), (55.567829, 37.5731286), (55.5677799, 37.5733319)]
37740651
[(55.5689581, 37.5685926), (55.5688132, 37.568483), (55.5688623, 37.5682797), (55.5690072, 37.5683893), (55.5689581, 37.5685926)]
37740652
[(55.5696507, 37.5657257), (55.5695059, 37.5656161), (55.5695551, 37.5654128), (55.5696999, 37.5655224), (55.5696507, 37.5657257)]
37740653
[(55.5690994, 37.5665596), (55.5689459, 37.5672077), (55.5687068, 37.5670305), (55.5685937, 37.5675081), (55.5684583, 37.5674078), (55.568624, 37.5667085), (55.5688636, 37.5668861), (55.5689646, 37.5664597), (55.5690994, 37.5665596)]
37740654
[(55.5697555, 37.5637817), (55.5697673, 37.5637896), (55.5696193, 37.5644177), (55.5693802, 37.5642406), (55.5692671, 37.5647182), (55.5691418, 37.5646254), (55.5691517, 37.5645836), (55.5691408, 37.5645794), (55.5692856, 37.5639686), (55.5693125, 37.5639903), (55.5693255, 37.5639394), (55.569537, 37.5640962), (55.5696334, 37.5636892), (55.5696465, 37.5636995), (55.5696508, 37.5636793), (55.5697596, 37.5637599), (55.5697555, 37.5637817)]
37740655
[(55.5684692, 37.569308), (55.5683158, 37.5699561), (55.5680766, 37.569779), (55.5679636, 37.5702565), (55.5678282, 37.5701562), (55.5679937, 37.5694569), (55.5682334, 37.5696345), (55.5683344, 37.5692081), (55.5684692, 37.569308)]
37740660
[(55.5660434, 37.5696903), (55.5663066, 37.5698986), (55.56647, 37.569253), (55.566395, 37.5691937), (55.5663806, 37.5692507), (55.5662611, 37.5691561), (55.5662773, 37.5690922), (55.5662085, 37.5690378), (55.5660434, 37.5696903)]
37740662
[(55.5666763, 37.5668996), (55.5669395, 37.5671079), (55.5671029, 37.5664623), (55.5670279, 37.566403), (55.5670135, 37.56646), (55.566894, 37.5663654), (55.5669102, 37.5663015), (55.5668414, 37.5662471), (55.5666763, 37.5668996)]
37740663
[(55.5673806, 37.5641005), (55.5676438, 37.5643089), (55.5678072, 37.5636633), (55.5677322, 37.5636039), (55.5677177, 37.563661), (55.5675983, 37.5635664), (55.5676145, 37.5635024), (55.5675457, 37.563448), (55.5673806, 37.5641005)]
37740664
[(55.5656673, 37.5705023), (55.565642, 37.5706123), (55.5656137, 37.57059), (55.5655867, 37.570699), (55.5656789, 37.5707729), (55.5656324, 37.5709533), (55.5655443, 37.5708826), (55.5655171, 37.5709898), (55.5655446, 37.5710119), (55.5655188, 37.5711211), (55.5653729, 37.5710134), (55.5653822, 37.5709733), (55.5652723, 37.5708931), (55.5652638, 37.5709257), (55.5651181, 37.5708155), (55.5651422, 37.5707123), (55.5651632, 37.5707278), (55.5651895, 37.5706256), (55.5651249, 37.570575), (55.5651685, 37.5704039), (55.5652365, 37.5704551), (55.5652631, 37.5703531), (55.5652439, 37.5703395), (55.5652808, 37.5702042), (55.5654224, 37.5703119), (55.5654083, 37.5703645), (55.5655074, 37.5704372), (55.5655174, 37.5703921), (55.5656673, 37.5705023)]
37740665
[(55.5664658, 37.570365), (55.5664397, 37.5704717), (55.5664118, 37.5704503), (55.5663848, 37.5705606), (55.5664766, 37.570631), (55.566432, 37.5708128), (55.5663419, 37.5707437), (55.5663157, 37.5708507), (55.5663434, 37.570872), (55.5663162, 37.5709827), (55.5661714, 37.5708716), (55.5661803, 37.5708354), (55.5660708, 37.5707513), (55.5660622, 37.5707866), (55.5659161, 37.5706745), (55.5659411, 37.5705726), (55.565962, 37.5705886), (55.5659874, 37.5704848), (55.5659238, 37.570436), (55.5659663, 37.5702631), (55.5660354, 37.5703161), (55.5660606, 37.5702131), (55.5660439, 37.5702003), (55.5660777, 37.5700627), (55.5662201, 37.570172), (55.5662075, 37.5702236), (55.566305, 37.5702984), (55.5663167, 37.5702506), (55.5664658, 37.570365)]
37740666
[(55.5695079, 37.5709), (55.5695683, 37.5709456), (55.5695564, 37.570995), (55.5696189, 37.5710422), (55.5696582, 37.5708793), (55.5697613, 37.570957), (55.5697228, 37.5711167), (55.5697834, 37.5711624), (55.5697953, 37.5711132), (55.5698581, 37.5711606), (55.5697962, 37.5714174), (55.5697757, 37.5714019), (55.5697289, 37.5715961), (55.5697489, 37.5716112), (55.5696865, 37.5718702), (55.5696286, 37.5718266), (55.5696375, 37.5717896), (55.5695787, 37.5717453), (55.5695515, 37.5718582), (55.5694535, 37.5717842), (55.569483, 37.5716617), (55.5694247, 37.5716176), (55.5694175, 37.5716473), (55.5693395, 37.5715885), (55.5694004, 37.5713358), (55.5694296, 37.5713578), (55.5694712, 37.571185), (55.5694441, 37.5711646), (55.5695079, 37.5709)]
37740690
[(55.566557, 37.562764), (55.5663707, 37.5626216), (55.566448, 37.5623053), (55.5665136, 37.5623554), (55.5664819, 37.5624851), (55.5666026, 37.5625773), (55.566557, 37.562764)]
37740691
[(55.5637007, 37.5699108), (55.5636537, 37.5701068), (55.5637808, 37.5702021), (55.5637548, 37.5703104), (55.5637762, 37.5703265), (55.5638153, 37.5703558), (55.5638885, 37.5700505), (55.563766, 37.5699586), (55.5637954, 37.5698359), (55.5637312, 37.5697877), (55.5637089, 37.5698806), (55.563729, 37.5698957), (55.5637217, 37.5699265), (55.5637007, 37.5699108)]
37740693
[(55.5694578, 37.5733157), (55.5693759, 37.5736435), (55.5692726, 37.5735629), (55.5693545, 37.5732351), (55.5694578, 37.5733157)]
37740694
[(55.5666956, 37.5709125), (55.5666195, 37.5712446), (55.5665149, 37.5711696), (55.566591, 37.5708375), (55.5666956, 37.5709125)]
37740695
[(55.5667596, 37.5707364), (55.5666138, 37.5706301), (55.5666601, 37.5704313), (55.566806, 37.5705376), (55.5667596, 37.5707364)]
37740696
[(55.5669152, 37.5706073), (55.5667429, 37.5713214), (55.5668719, 37.5714187), (55.5670442, 37.5707046), (55.5669152, 37.5706073)]
38159889
[(55.5662456, 37.5633231), (55.5661728, 37.5632728), (55.5661845, 37.5632198), (55.5661287, 37.5631813), (55.566142, 37.5631209), (55.5660971, 37.5630899), (55.5661239, 37.5629682), (55.5660832, 37.5629402), (55.566095, 37.5628866), (55.5660449, 37.562852), (55.5660688, 37.5627439), (55.566038, 37.5627226), (55.5660829, 37.5625191), (55.5661026, 37.5625326), (55.5661247, 37.5624323), (55.5661032, 37.5624175), (55.566123, 37.5623277), (55.5660896, 37.5623046), (55.5661182, 37.5621751), (55.5662886, 37.5622927), (55.566259, 37.562427), (55.5662267, 37.5624047), (55.5662111, 37.5624753), (55.5662281, 37.5624871), (55.5662016, 37.5626073), (55.5661746, 37.5625887), (55.5661332, 37.5627762), (55.5661656, 37.5627985), (55.5661405, 37.5629123), (55.5661901, 37.5629465), (55.5661824, 37.5629816), (55.5662356, 37.5630183), (55.5662473, 37.562965), (55.5663144, 37.5630113), (55.5662456, 37.5633231)]
38159892
[(55.5694767, 37.5742399), (55.5695081, 37.574099), (55.5695391, 37.5741206), (55.5695651, 37.5740038), (55.5696007, 37.5740286), (55.5696236, 37.573926), (55.5696307, 37.573931), (55.5696352, 37.5739107), (55.5696965, 37.5739534), (55.5697343, 37.5737837), (55.5698171, 37.5738414), (55.5698259, 37.573802), (55.5699325, 37.5738763), (55.5699207, 37.5739295), (55.5699686, 37.5739629), (55.5699805, 37.5739092), (55.5700453, 37.5739543), (55.5700559, 37.5739068), (55.5701326, 37.5739602), (55.570067, 37.5742546), (55.5699926, 37.5742028), (55.5700095, 37.5741268), (55.5699421, 37.5740799), (55.5699302, 37.5741333), (55.5698834, 37.5741006), (55.5698947, 37.5740497), (55.5697864, 37.5739742), (55.5697754, 37.5740235), (55.5697138, 37.5739806), (55.569689, 37.5740921), (55.5696701, 37.574079), (55.5696552, 37.5741459), (55.5696871, 37.5741681), (55.569645, 37.5743572), (55.5694767, 37.5742399)]
38159896
[(55.5675818, 37.5721189), (55.5674376, 37.572722), (55.567279, 37.5726034), (55.5674232, 37.5720003), (55.5675818, 37.5721189)]
38159897
[(55.5665267, 37.5729274), (55.5664479, 37.5732714), (55.56623, 37.5731153), (55.5663089, 37.5727712), (55.5665267, 37.5729274)]
38159901
[(55.5687865, 37.5630893), (55.5688184, 37.5629597), (55.5687687, 37.5629213), (55.5687958, 37.5628113), (55.5687458, 37.5627727), (55.568766, 37.5626908), (55.5679825, 37.5620871), (55.5679591, 37.562182), (55.5678994, 37.562136), (55.5678804, 37.5622129), (55.5678069, 37.5621562), (55.5675913, 37.5630314), (55.5677156, 37.5631272), (55.567929, 37.5622611), (55.5687204, 37.562871), (55.5686858, 37.5630117), (55.5687865, 37.5630893)]
38159902
[(55.5674441, 37.5687138), (55.5674761, 37.5685841), (55.5674264, 37.5685458), (55.5674535, 37.5684358), (55.5674034, 37.5683972), (55.5674236, 37.5683153), (55.5666401, 37.5677116), (55.5666167, 37.5678065), (55.566557, 37.5677605), (55.566538, 37.5678375), (55.5664645, 37.5677808), (55.5662489, 37.568656), (55.5663732, 37.5687517), (55.5665866, 37.5678857), (55.5673781, 37.5684956), (55.5673434, 37.5686362), (55.5674441, 37.5687138)]
38159903
[(55.5681336, 37.565881), (55.5681655, 37.5657514), (55.5681158, 37.565713), (55.5681429, 37.565603), (55.5680929, 37.5655644), (55.5681131, 37.5654824), (55.5673296, 37.5648788), (55.5673062, 37.5649737), (55.5672465, 37.5649277), (55.5672275, 37.5650046), (55.5671539, 37.5649479), (55.5669383, 37.5658231), (55.5670627, 37.5659189), (55.567276, 37.5650529), (55.5680675, 37.5656627), (55.5680329, 37.5658034), (55.5681336, 37.565881)]
42146360
[(55.5669508, 37.5632258), (55.5671745, 37.5633976), (55.5671299, 37.5635792), (55.5670568, 37.5635231), (55.5670422, 37.5635828), (55.5670669, 37.5636018), (55.5670425, 37.5637012), (55.5670605, 37.563715), (55.567035, 37.5638188), (55.567017, 37.563805), (55.5669958, 37.5638916), (55.5669711, 37.5638726), (55.5669529, 37.5639465), (55.567026, 37.5640026), (55.5669755, 37.5642081), (55.5667518, 37.5640364), (55.5667984, 37.5638462), (55.5668751, 37.5639051), (55.5668942, 37.5638274), (55.5668673, 37.5638068), (55.5668886, 37.5637203), (55.5668626, 37.5637003), (55.5668919, 37.5635811), (55.5669179, 37.563601), (55.5669414, 37.5635051), (55.5669683, 37.5635257), (55.5669823, 37.5634688), (55.5669056, 37.5634099), (55.5669508, 37.5632258)]
42146361
[(55.5662896, 37.5660367), (55.5665133, 37.5662085), (55.5664688, 37.56639), (55.5663957, 37.5663339), (55.566381, 37.5663937), (55.5664057, 37.5664127), (55.5663814, 37.566512), (55.5663993, 37.5665258), (55.5663738, 37.5666296), (55.5663559, 37.5666158), (55.5663346, 37.5667024), (55.5663099, 37.5666834), (55.5662917, 37.5667573), (55.5663648, 37.5668134), (55.5663143, 37.5670189), (55.5660906, 37.5668472), (55.5661373, 37.5666571), (55.566214, 37.5667159), (55.5662331, 37.5666383), (55.5662062, 37.5666176), (55.5662274, 37.5665312), (55.5662015, 37.5665112), (55.5662307, 37.566392), (55.5662567, 37.5664119), (55.5662803, 37.5663159), (55.5663071, 37.5663365), (55.5663211, 37.5662796), (55.5662444, 37.5662208), (55.5662896, 37.5660367)]
42146362
[(55.5644896, 37.5695344), (55.5647134, 37.5697062), (55.5646688, 37.5698878), (55.5645957, 37.5698317), (55.5645811, 37.5698914), (55.5646058, 37.5699104), (55.5645814, 37.5700098), (55.5645994, 37.5700236), (55.5645739, 37.5701274), (55.5645559, 37.5701136), (55.5645346, 37.5702002), (55.56451, 37.5701812), (55.5644918, 37.5702551), (55.5645649, 37.5703112), (55.5645144, 37.5705167), (55.5642907, 37.5703449), (55.5643373, 37.5701549), (55.564414, 37.5702137), (55.5644331, 37.5701361), (55.5644062, 37.5701154), (55.5644274, 37.5700289), (55.5644015, 37.570009), (55.5644308, 37.5698898), (55.5644568, 37.5699097), (55.5644803, 37.5698137), (55.5645072, 37.5698343), (55.5645212, 37.5697774), (55.5644444, 37.5697185), (55.5644896, 37.5695344)]
42268649
[(55.5683182, 37.5731128), (55.5681076, 37.5739731), (55.5680565, 37.5739341), (55.5680307, 37.5740399), (55.567975, 37.5739972), (55.5679571, 37.5740704), (55.5676656, 37.5738473), (55.5677076, 37.5736755), (55.5679901, 37.5738917), (55.5682024, 37.5730242), (55.5683182, 37.5731128)]
42268720
[(55.5676109, 37.5739945), (55.5676878, 37.5736566), (55.5674809, 37.5735093), (55.5674376, 37.5736985), (55.567404, 37.5738472), (55.5676109, 37.5739945)]
42268882
[(55.5675733, 37.5646527), (55.5680855, 37.5650474), (55.568137, 37.5648383), (55.5680813, 37.5647953), (55.5681006, 37.564717), (55.5676441, 37.5643652), (55.5675733, 37.5646527)]
42269124
[(55.5681075, 37.5688335), (55.568015, 37.5692232), (55.5681313, 37.5693097), (55.5682238, 37.56892), (55.5681075, 37.5688335)]
42269226
[(55.5693429, 37.563544), (55.5694492, 37.5636273), (55.5695064, 37.5633991), (55.5694001, 37.5633157), (55.5693429, 37.563544)]
42276907
[(55.5663486, 37.5643515), (55.5663775, 37.5643726), (55.5661796, 37.5652195), (55.566401, 37.5653813), (55.5663562, 37.5655728), (55.5661282, 37.5654061), (55.5661513, 37.5653073), (55.5660855, 37.5652592), (55.5661084, 37.5651615), (55.5660852, 37.5651445), (55.5662825, 37.5643003), (55.5663486, 37.5643515)]
42276908
[(55.5669256, 37.5616124), (55.5670245, 37.5616849), (55.5668471, 37.5624326), (55.5670892, 37.5626124), (55.5670465, 37.5627922), (55.566816, 37.5626209), (55.5668354, 37.5625392), (55.5667696, 37.5624904), (55.5667937, 37.562389), (55.5667494, 37.5623562), (55.5669256, 37.5616124)]
42276909
[(55.5656718, 37.5671708), (55.5657007, 37.5671919), (55.5655918, 37.5676578), (55.5655028, 37.5680388), (55.5657242, 37.5682006), (55.5656794, 37.5683921), (55.5654514, 37.5682255), (55.5654745, 37.5681266), (55.5654088, 37.5680785), (55.5654316, 37.5679808), (55.5654084, 37.5679639), (55.5654925, 37.5676039), (55.5656057, 37.5671197), (55.5656718, 37.5671708)]
42276910
[(55.5674376, 37.5736985), (55.5673846, 37.5736639), (55.5673816, 37.573677), (55.5671221, 37.5734828), (55.5671429, 37.5733955), (55.5670867, 37.5733534), (55.5671118, 37.5732481), (55.5670614, 37.5732104), (55.5671826, 37.5727029), (55.5672922, 37.5727848), (55.5671755, 37.5732734), (55.5674809, 37.5735093), (55.5674376, 37.5736985)]
42276911
[(55.5667625, 37.5716799), (55.5667575, 37.5717014), (55.5667861, 37.5717224), (55.5667324, 37.5719509), (55.5667086, 37.5719335), (55.5666699, 37.5720982), (55.5666956, 37.5721171), (55.5666719, 37.5722183), (55.5665979, 37.572164), (55.5665736, 37.5722675), (55.5665162, 37.5722253), (55.5664981, 37.5723022), (55.5661927, 37.5720777), (55.5662381, 37.5718844), (55.5665247, 37.572095), (55.5666429, 37.571592), (55.5667625, 37.5716799)]
42276912
[(55.5661705, 37.5722432), (55.5660538, 37.5727527), (55.5660023, 37.5727157), (55.5659782, 37.5728209), (55.5659211, 37.57278), (55.5659035, 37.5728567), (55.5654394, 37.5725243), (55.5654823, 37.5723371), (55.5659347, 37.5726611), (55.5660501, 37.572157), (55.5661705, 37.5722432)]
42276914
[(55.5678803, 37.5582048), (55.5679678, 37.5582431), (55.5680089, 37.5582827), (55.5680379, 37.5583366), (55.5680711, 37.5584183), (55.5680855, 37.5584989), (55.5680868, 37.5585892), (55.5680823, 37.5586836), (55.5680652, 37.5587528), (55.5680624, 37.5587613), (55.5679963, 37.5590351), (55.5676072, 37.5587395), (55.5676891, 37.5584001), (55.5677405, 37.5582886), (55.5678016, 37.5582226), (55.5678803, 37.5582048)]
42276916
[(55.5632595, 37.5742421), (55.5633846, 37.5737524), (55.563433, 37.5737872), (55.5634624, 37.5736845), (55.5635157, 37.5737281), (55.5635353, 37.573651), (55.5639938, 37.5739906), (55.5639542, 37.5741853), (55.5635007, 37.5738394), (55.5633713, 37.574335), (55.5632595, 37.5742421)]
42278033
[(55.5651222, 37.5613515), (55.5650683, 37.5615818), (55.5649766, 37.5615148), (55.5650304, 37.5612844), (55.5651222, 37.5613515)]
42278034
[(55.5649277, 37.5608632), (55.564886, 37.5610597), (55.5647305, 37.5609566), (55.5647722, 37.5607601), (55.5649277, 37.5608632)]
42348206
[(55.5700577, 37.565507), (55.5701711, 37.5655926), (55.56992, 37.5666317), (55.5693431, 37.5661956), (55.569399, 37.5659643), (55.5698625, 37.5663147), (55.5700577, 37.565507)]
42348210
[(55.5656143, 37.566028), (55.5655415, 37.5659778), (55.5655532, 37.5659247), (55.5654974, 37.5658862), (55.5655107, 37.5658258), (55.5654657, 37.5657948), (55.5654926, 37.5656732), (55.5654519, 37.5656451), (55.5654637, 37.5655915), (55.5654136, 37.5655569), (55.5654374, 37.5654488), (55.5654066, 37.5654275), (55.5654515, 37.565224), (55.5654712, 37.5652376), (55.5654934, 37.5651372), (55.5654719, 37.5651224), (55.5654917, 37.5650326), (55.5654583, 37.5650095), (55.5654869, 37.56488), (55.5656573, 37.5649976), (55.5656277, 37.5651319), (55.5655953, 37.5651096), (55.5655797, 37.5651802), (55.5655968, 37.565192), (55.5655703, 37.5653122), (55.5655433, 37.5652936), (55.5655019, 37.5654811), (55.5655343, 37.5655034), (55.5655092, 37.5656172), (55.5655588, 37.5656514), (55.565551, 37.5656865), (55.5656042, 37.5657232), (55.565616, 37.5656699), (55.5656831, 37.5657162), (55.5656143, 37.566028)]
42417162
[(55.5690127, 37.5721025), (55.5691482, 37.5722054), (55.5691326, 37.5722699), (55.5692322, 37.5723456), (55.5692629, 37.5722192), (55.5693581, 37.5722915), (55.5693794, 37.5722036), (55.5695284, 37.5723167), (55.5695068, 37.5724054), (55.5696101, 37.5724839), (55.5694871, 37.5729905), (55.5691392, 37.5727262), (55.5692108, 37.5724314), (55.5691158, 37.5723593), (55.5688643, 37.5733954), (55.5687246, 37.5732893), (55.5690127, 37.5721025)]
42417167
[(55.5646026, 37.5747278), (55.5646838, 37.5747859), (55.5647569, 37.5744991), (55.5642252, 37.5741028), (55.5641583, 37.5743936), (55.5642114, 37.5744355), (55.5646026, 37.5747278)]
42417457
[(55.5687302, 37.5632692), (55.5688292, 37.5633427), (55.5684747, 37.5648348), (55.5682428, 37.5646625), (55.5682987, 37.5644271), (55.5683532, 37.5644676), (55.5683718, 37.5643896), (55.5684327, 37.5644347), (55.5684605, 37.5643171), (55.5684996, 37.5643462), (55.5686198, 37.5638406), (55.5685984, 37.5638247), (55.5686342, 37.5636738), (55.5686567, 37.5636906), (55.5687319, 37.5633741), (55.5687094, 37.5633574), (55.5687302, 37.5632692)]
42417458
[(55.567669, 37.5672742), (55.5676147, 37.5672327), (55.5672725, 37.5669674), (55.567316, 37.5667918), (55.5677144, 37.5671003), (55.567981, 37.5660236), (55.5680533, 37.566083), (55.5680318, 37.5661708), (55.5680542, 37.566188), (55.5679771, 37.5665029), (55.5679547, 37.5664857), (55.567918, 37.5666359), (55.5679393, 37.5666522), (55.5678161, 37.5671555), (55.5677773, 37.5671257), (55.5677486, 37.5672428), (55.567688, 37.5671965), (55.567669, 37.5672742)]
42417459
[(55.5680533, 37.566083), (55.5681517, 37.5661583), (55.5677882, 37.5676437), (55.5675574, 37.567467), (55.5676147, 37.5672327), (55.567669, 37.5672742), (55.567688, 37.5671965), (55.5677486, 37.5672428), (55.5677773, 37.5671257), (55.5678161, 37.5671555), (55.5679393, 37.5666522), (55.567918, 37.5666359), (55.5679547, 37.5664857), (55.5679771, 37.5665029), (55.5680542, 37.566188), (55.5680318, 37.5661708), (55.5680533, 37.566083)]
42417460
[(55.5670072, 37.5701175), (55.5669529, 37.5700759), (55.5666107, 37.5698106), (55.5666542, 37.569635), (55.5670526, 37.5699435), (55.5673192, 37.5688668), (55.5673914, 37.5689262), (55.5673699, 37.5690141), (55.5673924, 37.5690312), (55.5673153, 37.5693461), (55.5672929, 37.569329), (55.5672562, 37.5694791), (55.5672775, 37.5694954), (55.5671543, 37.5699987), (55.5671154, 37.569969), (55.5670868, 37.5700861), (55.5670262, 37.5700397), (55.5670072, 37.5701175)]
42417461
[(55.5673914, 37.5689262), (55.5674899, 37.5690015), (55.5674067, 37.5693415), (55.5671264, 37.5704869), (55.5668955, 37.5703102), (55.5669529, 37.5700759), (55.5670072, 37.5701175), (55.5670262, 37.5700397), (55.5670868, 37.5700861), (55.5671154, 37.569969), (55.5671543, 37.5699987), (55.5672775, 37.5694954), (55.5672562, 37.5694791), (55.5672929, 37.569329), (55.5673153, 37.5693461), (55.5673924, 37.5690312), (55.5673699, 37.5690141), (55.5673914, 37.5689262)]
42418347
[(55.5631079, 37.5699868), (55.5630059, 37.5704357), (55.5632601, 37.5706164), (55.5632112, 37.5708314), (55.5628313, 37.5705614), (55.5629822, 37.5698975), (55.5631079, 37.5699868)]
42418348
[(55.5637839, 37.5696173), (55.5635522, 37.5694471), (55.5634478, 37.5698914), (55.5633416, 37.5698134), (55.5633549, 37.5697567), (55.5633368, 37.5697434), (55.5633819, 37.5695514), (55.5634038, 37.5695674), (55.5634349, 37.569435), (55.5634144, 37.5694199), (55.5634751, 37.569161), (55.5635174, 37.5691921), (55.5635262, 37.5691543), (55.5637014, 37.5692829), (55.5636903, 37.5693301), (55.5637362, 37.5693637), (55.5637733, 37.5692058), (55.5637915, 37.569128), (55.563771, 37.5691129), (55.5638226, 37.5688933), (55.5638438, 37.5689089), (55.5638559, 37.5688575), (55.5639467, 37.5689242), (55.5638651, 37.5692717), (55.5637839, 37.5696173)]
42418350
[(55.5644751, 37.5682953), (55.5645032, 37.5681483), (55.5644488, 37.5681114), (55.564461, 37.5680555), (55.5644072, 37.5680189), (55.5644241, 37.5679413), (55.5643557, 37.5678948), (55.5642866, 37.5682127), (55.564224, 37.5681702), (55.5642027, 37.5682679), (55.5641661, 37.568243), (55.5640985, 37.5685544), (55.5640679, 37.5685336), (55.5640123, 37.5687897), (55.5640992, 37.5688487), (55.56413, 37.5687068), (55.5641571, 37.5687252), (55.5642227, 37.5684235), (55.5642576, 37.5684472), (55.5643066, 37.5682216), (55.5643579, 37.5682565), (55.5643651, 37.5682234), (55.5644713, 37.5682939), (55.564439, 37.5684369), (55.5645443, 37.5685126), (55.5645395, 37.5685336), (55.5646151, 37.5685779), (55.5646861, 37.5682677), (55.5647497, 37.5683127), (55.5647761, 37.5681915), (55.5647996, 37.5682036), (55.5648476, 37.5680097), (55.564828, 37.5679924), (55.5648555, 37.5678902), (55.5648731, 37.5679006), (55.564924, 37.5676963), (55.5648535, 37.5676426), (55.564828, 37.5677465), (55.5648055, 37.5677292), (55.5647517, 37.5679404), (55.5647752, 37.5679525), (55.5647536, 37.5680495), (55.5647282, 37.5680287), (55.5646704, 37.5682763), (55.5646163, 37.5682335), (55.5645965, 37.5683247), (55.5645392, 37.5682794), (55.5645265, 37.5683347), (55.5644751, 37.5682953)]
42451908
[(55.5676121, 37.5619869), (55.5675462, 37.5622579), (55.5675742, 37.5622792), (55.567542, 37.5624116), (55.5671701, 37.5621285), (55.5672012, 37.5620008), (55.5672259, 37.5620197), (55.567293, 37.561744), (55.5676121, 37.5619869)]
42451909
[(55.5659007, 37.5656468), (55.5657143, 37.5655044), (55.5657916, 37.5651881), (55.5658572, 37.5652382), (55.5658255, 37.5653679), (55.5659463, 37.5654601), (55.5659007, 37.5656468)]
42451910
[(55.5692333, 37.5661118), (55.5688498, 37.5658242), (55.5690096, 37.5651577), (55.5690934, 37.5648081), (55.5692115, 37.5648967), (55.5691277, 37.5652463), (55.5690225, 37.5656849), (55.5692879, 37.565884), (55.5692333, 37.5661118)]
42451911
[(55.5693854, 37.5682743), (55.5694988, 37.5683599), (55.5692477, 37.569399), (55.5686708, 37.5689629), (55.5687267, 37.5687316), (55.5691902, 37.569082), (55.5693854, 37.5682743)]
42451912
[(55.5687186, 37.5710402), (55.5688319, 37.5711258), (55.5685808, 37.5721649), (55.5680039, 37.5717288), (55.5680598, 37.5714975), (55.5685234, 37.5718479), (55.5687186, 37.5710402)]
42451913
[(55.568573, 37.5688973), (55.5681893, 37.5686088), (55.5683476, 37.5679505), (55.5684334, 37.5675934), (55.5685515, 37.5676821), (55.5684657, 37.5680393), (55.5683622, 37.5684697), (55.5686278, 37.5686694), (55.568573, 37.5688973)]
42451914
[(55.5679061, 37.5716598), (55.5675226, 37.5713722), (55.5676827, 37.5707046), (55.5677663, 37.5703561), (55.5678844, 37.5704447), (55.5678008, 37.5707932), (55.5676954, 37.5712329), (55.5679608, 37.571432), (55.5679061, 37.5716598)]
42451916
[(55.5692136, 37.5737337), (55.5691951, 37.5738196), (55.5691481, 37.5737879), (55.5691666, 37.5737019), (55.5692136, 37.5737337)]
42451920
[(55.5693738, 37.5653468), (55.5694176, 37.5653819), (55.5693807, 37.5655262), (55.5693368, 37.5654911), (55.5693738, 37.5653468)]
42451921
[(55.5686994, 37.5683955), (55.5686632, 37.5683675), (55.5686776, 37.5683091), (55.5687138, 37.568337), (55.5686994, 37.5683955)]
42451922
[(55.5680208, 37.5711383), (55.5679805, 37.571107), (55.5680018, 37.5710213), (55.568024, 37.5710386), (55.5680157, 37.5710721), (55.5680337, 37.5710861), (55.5680208, 37.5711383)]
42451923
[(55.5678514, 37.564026), (55.5678005, 37.5639848), (55.5678317, 37.5638638), (55.5678597, 37.5638864), (55.5678482, 37.563931), (55.5678712, 37.5639496), (55.5678514, 37.564026)]
42451928
[(55.5655749, 37.562456), (55.565545, 37.5624912), (55.5653896, 37.5623857), (55.5653771, 37.5623109), (55.5654182, 37.5622845), (55.5655674, 37.5623879), (55.5655749, 37.562456)]
42451930
[(55.5623709, 37.5729714), (55.5622686, 37.5732363), (55.561824, 37.5726993), (55.5619263, 37.5724345), (55.5623709, 37.5729714)]
63108641
[(55.5670099, 37.5615624), (55.5670469, 37.5615895), (55.5670245, 37.5616849), (55.5669256, 37.5616124), (55.5669556, 37.5614845), (55.5665447, 37.5611835), (55.5665826, 37.5610216), (55.5669904, 37.5613204), (55.5669729, 37.5613952), (55.5670379, 37.5614429), (55.5670099, 37.5615624)]
63108656
[(55.5665826, 37.5610216), (55.5665447, 37.5611835), (55.5664782, 37.561137), (55.5663076, 37.5618626), (55.5661966, 37.561781), (55.5663616, 37.5610792), (55.5664166, 37.5611197), (55.5664453, 37.5609977), (55.5665054, 37.5610419), (55.5665213, 37.5609744), (55.5665826, 37.5610216)]
63108846
[(55.5662825, 37.5643003), (55.5658301, 37.5639697), (55.5656619, 37.5646895), (55.5655523, 37.5646095), (55.5657222, 37.5638827), (55.5657686, 37.5639166), (55.5657904, 37.5638232), (55.5658529, 37.5638689), (55.565871, 37.5637916), (55.5663306, 37.5641276), (55.5663139, 37.5641988), (55.566374, 37.5642426), (55.5663486, 37.5643515), (55.5662825, 37.5643003)]
63108859
[(55.5656718, 37.5671708), (55.5656057, 37.5671197), (55.5651533, 37.566789), (55.5649851, 37.5675089), (55.5648755, 37.5674288), (55.5650454, 37.566702), (55.5650918, 37.5667359), (55.5651136, 37.5666426), (55.5651761, 37.5666882), (55.5651942, 37.566611), (55.5656538, 37.5669469), (55.5656372, 37.5670181), (55.5656972, 37.567062), (55.5656718, 37.5671708)]
106734348
[(55.5623187, 37.5719795), (55.5622895, 37.5720152), (55.5622606, 37.5719857), (55.5622576, 37.5719267), (55.5622819, 37.5718918), (55.5623153, 37.5719132), (55.5623187, 37.5719795)]
150374740
[(55.5697195, 37.5732913), (55.5696436, 37.5732394), (55.569619, 37.5733517), (55.5696698, 37.5733865), (55.5696824, 37.573329), (55.5697075, 37.5733462), (55.5697195, 37.5732913)]
207558118
[(55.5693466, 37.5598618), (55.5690874, 37.5596717), (55.5690337, 37.5599006), (55.5692929, 37.5600907), (55.5693466, 37.5598618)]
316777075
[(55.5675549, 37.5601524), (55.5685129, 37.5608717), (55.5684828, 37.5609971), (55.5687266, 37.5611802), (55.5687659, 37.5610166), (55.5690921, 37.5612616), (55.5689525, 37.5618433), (55.5686508, 37.5616168), (55.5686997, 37.5614133), (55.5684152, 37.5611997), (55.5683783, 37.5613535), (55.5682753, 37.5612763), (55.5682519, 37.5613738), (55.5674129, 37.5607439), (55.5675549, 37.5601524)]
328007124
[(55.5699297, 37.5619206), (55.5698572, 37.5622181), (55.5698401, 37.5622526), (55.5698026, 37.5622483), (55.5697659, 37.5622095), (55.569757, 37.5621592), (55.5697692, 37.5620988), (55.5698319, 37.5618444), (55.569858, 37.5618659), (55.5698702, 37.5618156), (55.5698876, 37.5618296), (55.569906, 37.5618444), (55.5698971, 37.5618932), (55.5699297, 37.5619206)]
528117465
[(55.5673507, 37.5599036), (55.5672275, 37.5604409), (55.5669382, 37.5602335), (55.5670614, 37.5596961), (55.5673507, 37.5599036)]
535842126
[(55.5653637, 37.5599809), (55.5653037, 37.5601857), (55.5652008, 37.5600914), (55.5652609, 37.5598865), (55.5653637, 37.5599809)]
714845603
[(55.5637022, 37.5709239), (55.5636702, 37.5710549), (55.5640508, 37.5713221), (55.5640801, 37.5711964), (55.5640878, 37.5711671), (55.5641908, 37.5712407), (55.5641499, 37.57142), (55.5643173, 37.5715395), (55.5643788, 37.5712701), (55.5644942, 37.5713525), (55.5645474, 37.5711195), (55.5641616, 37.570844), (55.5641339, 37.5709652), (55.5639359, 37.5708224), (55.5636581, 37.5706221), (55.5636848, 37.5705063), (55.5635834, 37.5704332), (55.563571, 37.5704871), (55.5635514, 37.5704729), (55.5635105, 37.5706502), (55.5635262, 37.5706615), (55.5634994, 37.5707777), (55.5637022, 37.5709239)]