60276311 55.5695795 37.5764692
60276312 55.5682232 37.5754573
60276313 55.5665015 37.5741539
60276314 55.5639993 37.5723046
60276315 55.5622520 37.5709818
60276341 55.5668005 37.5729497
82775431 55.5692783 37.5625823
82781932 55.5650011 37.5656705
82781933 55.5647327 37.5665820
82781934 55.5630611 37.5692379
82781936 55.5622999 37.5703924
82792738 55.5622170 37.5708907
82792739 55.5621967 37.5707571
254151788 55.5699161 37.5604044
254504154 55.5728498 37.5632627
254504155 55.5710193 37.5619797
254504158 55.5697956 37.5611183
254504159 55.5682336 37.5600119
254504161 55.5658222 37.5583167
254504534 55.5643648 37.5578376
254504535 55.5651171 37.5581434
255728954 55.5709484 37.5483253
255728956 55.5708077 37.5486429
255728958 55.5708239 37.5488108
255728959 55.5707924 37.5492936
255728960 55.5704739 37.5496029
255728961 55.5702787 37.5496300
255728963 55.5701040 37.5495785
255728965 55.5699779 37.5495012
255728966 55.5697352 37.5491751
255728967 55.5695896 37.5489862
255728968 55.5694198 37.5487631
255728969 55.5693518 37.5485228
255728971 55.5692887 37.5483854
255728972 55.5691335 37.5484112
255728974 55.5687210 37.5493296
255728976 55.5684201 37.5504368
255729663 55.5682356 37.5513638
255729664 55.5681046 37.5518873
255729665 55.5679445 37.5523251
255729666 55.5679348 37.5525911
255729667 55.5680076 37.5527285
255729668 55.5683424 37.5522135
255729669 55.5688277 37.5515955
255729670 55.5691771 37.5510805
255729671 55.5695702 37.5508488
255729672 55.5698517 37.5514324
255729673 55.5701332 37.5523165
255729674 55.5704777 37.5533379
255729675 55.5707980 37.5534752
255729676 55.5709775 37.5537155
255729677 55.5709872 37.5541704
255729678 55.5708805 37.5545996
255729679 55.5706378 37.5545481
255729680 55.5704098 37.5545395
255729681 55.5702108 37.5545567
255729682 55.5700957 37.5546736
255729683 55.5699980 37.5549035
255729687 55.5698614 37.5548656
255729688 55.5699099 37.5551746
255729689 55.5698468 37.5552862
255729690 55.5697304 37.5550888
255729691 55.5695702 37.5547970
255729692 55.5697352 37.5556553
255729693 55.5696527 37.5559814
255729694 55.5699051 37.5572002
255729695 55.5699633 37.5575178
255729696 55.5701283 37.5576122
255729697 55.5700992 37.5578011
255729698 55.5699439 37.5577839
255729699 55.5697983 37.5581100
255729700 55.5699439 37.5584705
255729701 55.5699487 37.5588053
255729702 55.5698954 37.5592430
255729703 55.5697983 37.5594490
255729704 55.5696818 37.5595262
255729705 55.5695799 37.5594576
255729707 55.5695120 37.5592859
255729708 55.5693518 37.5590971
255729709 55.5687355 37.5585306
255729710 55.5684249 37.5582989
255729711 55.5682405 37.5581272
255729712 55.5681434 37.5576380
255729713 55.5681434 37.5573376
255729714 55.5680367 37.5576723
255729715 55.5678862 37.5578354
255729716 55.5669981 37.5573719
255729717 55.5662313 37.5569599
255729718 55.5661474 37.5558761
255729813 55.5659969 37.5549514
255729814 55.5659573 37.5540735
255729815 55.5653334 37.5539558
255729816 55.5649645 37.5538614
255729817 55.5649310 37.5541181
255729818 55.5645952 37.5539280
255729819 55.5643190 37.5554321
260471872 55.5616961 37.5696319
260471873 55.5612185 37.5689301
260471874 55.5608721 37.5687134
260471875 55.5606779 37.5685986